player y.bar post.median previous.avg previous.atbats avg.1970
     A 0.267       0.264        0.118              51    0.224
     B 0.156       0.239        0.249            3514    0.183
     C 0.311       0.273        0.246            2244    0.276
     D 0.200       0.249        0.264            3210    0.279
     E 0.400       0.290        0.314            8142    0.352
     F 0.356       0.281        0.275            4826    0.283
     G 0.333       0.277        0.255            1139    0.238
     H 0.289       0.268        0.248            2753    0.266
     I 0.178       0.243        0.256              86    0.302
     J 0.222       0.255        0.255            2281    0.261
     K 0.378       0.286        0.303            7542    0.306
     L 0.222       0.255        0.234             291    0.225
     M 0.244       0.259        0.281            5658    0.267
     N 0.222       0.254        0.250            2065    0.296
     O 0.311       0.273        0.244             454    0.274
     P 0.244       0.259        0.244            1967    0.233
     Q 0.222       0.255        0.257            1216    0.258
     R 0.222       0.254        0.271             888    0.251